0
0
0
0
0
0
0
0
0
0
0
0
0
0
0
0
0
0
0
0
0
0
0
0
0
0
0
0
0
0
0
0
0
0
0
0
0
0
0
0
0
0
0
0
0
0
0
0
0
0
0
0
0
0
0
0
0
0
0
0.0505882
0.0388235
0.00431373
0.0278431
0
0
0
0
0
0
0
0
0
0
0
0
0
0
0
0
0
0
0
0
0
0
0
0
0
0
0
0
0
0
0
0
0
0
0
0
0
0
0
0
0
0
0
0
0
0
0
0
0
0
0
0
0
0
0
0
0
0
0
0
0
0
0
0
0
0
0
0
0
0.0580392
0
0
0.0294118
0
0
0
0
0
0
0
0
0
0
0
0
0
0
0
0
0
0
0
0
0
0
0
0
0
0
0
0
0
0
0
0
0
0
0
0
0
0
0
0
0
0
0
0
0
0
0
0
0
0
0
0
0
0
0
0
0
0
0
0
0
0
0
0
0
0
0
0.0168627
0
0
0.0305882
0.0596078
0
0
0
0
0
0
0
0.0368627
0
0
0
0
0
0
0
0
0
0
0
0
0
0
0
0
0
0
0
0
0
0
0
0
0
0
0
0
0
0
0
0
0
0
0
0
0
0
0
0
0
0
0
0
0
0
0
0
0
0
0
0
0
0
0
0
0
0
0
0
0
0
0
0
0
0
0
0
0
0
0
0
0
0
0
0
0
0
0
0
0
0.0254902
0
0
0
0
0
0
0
0
0
0
0
0
0
0
0
0
0
0
0
0
0
0
0
0
0
0
0
0
0
0
0
0
0
0
0
0
0
0
0.0321569
0.0231373
0
0.0490196
0
0
0
0
0
0
0
0
0
0
0.0121569
0
0
0.0333333
0
0.0164706
0
0
0
0
0
0
0
0
0
0
0
0
0
0
0
0
0
0
0
0
0
0
0
0
0
0
0
0
0
0
0
0
0
0
0
0
0
0
0
0
0
0
0
0
0
0
0
0
0
0
0
0
0
0
0
0
0
0
0
0
0
0
0
0
0
0
0
0
0
0
0.0278431
0
0
0.0372549
0
0.0447059
0.00745098
0
0
0
0
0
0
0.0266667
0.0254902
0
0
0
0
0
0
0
0
0
0
0
0
0
0
0
0
0
0
0
0
0
0
0
0
0
0
0
0
0
0
0
0
0
0
0
0
0
0
0
0
0
0
0
0
0
0
0
0
0
0
0
0
0
0
0
0
0
0
0
0
0
0
0
0.00745098
0
0
0
0
0
0
0
0.0345098
0
0
0
0
0
0
0
0
0
0
0
0
0
0
0
0
0
0
0
0
0
0
0
0
0
0
0
0
0
0
0
0
0
0
0
0
0
0
0
0
0
0
0
0
0
0
0
0
0
0
0
0
0
0
0
0
0
0
0.0258824
0
0
0
0
0
0
0
0.0152941
0
0
0.0196078
0
0
0
0
0
0
0
0
0
0
0
0
0
0
0
0
0.0117647
0
0
0
0
0
0
0
0
0
0
0
0
0
0
0
0
0
0
0
0
0
0
0
0
0
0
0
0
0
0
0
0
0
0
0
0
0
0
0
0
0
0
0
0.0317647
0
0.0262745
0
0
0
0
0
0
0
0
0
0
0
0
0
0
0
0
0
0
0
0
0
0
0
0
0
0.0121569
0
0
0
0
0
0
0
0
0
0
0
0
0
0
0
0
0
0
0
0
0
0
0
0
0
0
0
0
0
0
0
0
0.0180392
0
0
0
0
0
0
0
0
0
0
0
0
0
0
0
0.0215686
0
0
0.0117647
0
0
0
0
0.0333333
0
0
0
0
0
0
0
0
0
0
0
0
0
0.00588235
0
0
0
0
0
0
0
0
0
0
0
0
0
0
0
0
0
0
0
0
0
0
0
0
0
0
0
0
0
0
0
0
0
0
0
0
0
0
0
0
0
0
0
0
0
0
0
0
0
0
0.00784314
0
0
0
0
0
0
0
0
0.00588235
0.0301961
0.0133333
0
0
0
0
0
0
0
0
0
0
0
0
0.0239216
0
0
0
0
0
0
0
0
0
0
0
0
0
0
0
0
0
0
0
0
0
0
0
0
0
0
0
0
0
0
0
0
0
0
0
0
0
0
0
0
0
0
0
0
0
0
0
0
0
0
0
0
0
0
0
0
0
0
0
0.0654902
0
0.00705882
0
0
0
0
0
0
0
0
0
0
0
0
0
0
0
0
0
0
0
0
0
0
0
0
0
0
0
0
0
0
0
0
0
0
0
0
0
0
0
0
0
0
0
0
0
0
0
0
0
0
0
0
0
0
0
0
0
0
0.0188235
0
0
0
0
0
0
0
0
0
0
0
0
0
0
0
0.0266667
0
0
0
0
0
0
0
0
0
0
0
0
0
0
0
0
0
0
0
0
0
0
0
0
0
0
0
0
0
0
0
0
0
0
0
0
0
0
0
0
0
0
0
0
0
0
0
0
0
0
0
0
0
0
0.0341176
0
0
0
0
0
0
0
0
0
0
0
0
0
0
0
0
0.0129412
0
0
0
0
0
0
0
0
0
0
0
0
0
0
0
0
0
0
0
0
0
0
0
0
0
0
0
0
0
0
0
0
0
0
0
0
0
0
0
0
0
0
0
0
0
0
0
0
0
0
0
0
0
0
0
0
0
0
0
0
0
0
0
0
0
0
0
0
0.0352941
0.0247059
0.00784314
0
0
0
0
0
0
0
0
0
0
0
0
0
0
0
0
0
0
0
0
0
0
0
0
0
0
0
0.0494118
0
0
0
0
0
0
0
0
0
0
0
0
0
0
0
0
0
0
0
0
0
0
0
0
0
0
0
0
0
0
0
0
0
0
0
0
0.0160784
0
0
0
0
0
0
0
0
0
0
0.0243137
0
0
0
0
0
0
0
0
0
0
0
0
0
0
0
0
0
0
0
0.0294118
0
0
0
0
0
0
0
0.00823529
0
0
0
0
0
0
0
0
0
0
0
0
0
0
0
0
0
0
0
0
0
0
0
0
0
0
0
0
0
0
0
0
0
0
0
0
0
0
0
0
0
0
0
0
0
0
0
0
0
0
0
0
0
0
0
0
0
0
0
0
0.0372549
0
0.0235294
0
0
0
0
0
0
0
0
0
0
0
0
0
0
0
0
0
0
0
0
0
0
0
0
0
0
0
0
0
0
0
0
0
0
0
0
0
0
0
0
0
0
0
0
0
0
0
0
0
0
0
0
0
0
0
0
0
0.00666667
0
0
0
0
0
0
0
0
0.0254902
0
0
0
0
0
0
0
0
0
0
0
0
0.00823529
0
0
0
0
0
0
0
0
0
0
0
0
0
0
0
0
0
0
0
0
0
0
0
0
0
0
0
0
0
0
0
0
0
0
0
0
0
0
0
0
0
0
0
0
0
0
0
0
0
0
0.054902
0
0
0.0282353
0
0.0396078
0
0.00627451
0.0219608
0.0298039
0.0239216
0
0
0
0
0
0
0
0
0
0
0.0227451
0
0
0
0
0
0
0
0
0
0
0
0
0
0
0
0
0
0
0
0
0
0
0
0
0
0
0
0
0.0368627
0
0.014902
0.00862745
0.0290196
0.012549
0
0.0239216
0
0.0192157
0
0
0.0254902
0
0.0317647
0
0
0
0
0
0
0
0
0
0
0
0
0
0.0298039
0
0
0
0
0
0
0
0
0
0
0
0
0
0
0
0
0
0
0
0
0
0
0
0
0
0
0
0
0
0
0
0
0
0
0
0
0
0
0
0
0
0
0
0
0
0
0.0054902
0
0.0054902
0
0
0
0
0.0243137
0.0309804
0
0
0
0
0
0
0.0137255
0
0
0
0
0
0
0
0
0
0
0
0
0
0
0
0
0
0
0
0
0
0
0
0
0
0
0
0
0
0
0
0
0
0
0
0
0
0
0
0
0
0
0
0
0
0
0
0
0
0
0
0
0
0
0
0
0
0
0
0.0317647
0
0
0
0
0
0.0490196
0
0
0
0
0
0
0
0
0.0109804
0.00588235
0
0
0
0
0
0
0
0
0
0
0
0.0396078
0
0
0
0
0
0
0
0
0
0
0
0
0
0
0
0
0
0
0
0
0
0
0
0
0
0
0
0
0
0
0
0
0
0
0
0
0
0
0
0
0
0
0.04
0
0
0
0
0
0
0
0.0270588
0
0
0
0
0
0.0207843
0
0
0.0623529
0
0
0
0
0
0
0
0
0
0
0
0
0
0
0
0
0
0.052549
0
0
0
0
0
0
0
0
0
0
0
0
0
0
0
0
0
0
0
0
0
0
0
0
0
0
0
0
0
0
0
0
0
0
0
0
0
0
0
0
0.00470588
0.0290196
0
0.0184314
0
0
0.00588235
0.00666667
0
0
0
0
0
0
0.0203922
0.0462745
0.00470588
0
0
0
0
0
0
0
0
0
0
0
0
0
0.0415686
0
0
0
0
0
0
0
0
0
0.00588235
0
0
0
0
0.00901961
0.00431373
0
0.0278431
0
0
0
0
0
0
0
0
0
0
0
0
0
0
0
0
0
0
0
0
0
0
0
0
0.0486275
0.0101961
0.0113725
0.0203922
0
0
0.00509804
0
0
0
0
0
0
0
0.012549
0.0270588
0
0
0
0.0152941
0.0109804
0.0278431
0.00509804
0.00901961
0
0
0.00705882
0.0133333
0.0145098
0
0
0
0
0
0
0
0
0
0
0
0
0
0
0
0
0
0
0
0
0
0
0
0
0
0
0
0
0
0
0
0
0
0
0
0
0
0
0
0
0
0
0
0
0
0
0
0.0145098
0
0.0129412
0.00823529
0.0207843
0
0.00470588
0.00862745
0
0
0
0
0
0
0
0.02
0
0
0
0.00666667
0
0
0.0211765
0.00705882
0
0.012549
0
0
0.0133333
0.0388235
0.0121569
0
0
0
0
0
0
0
0
0
0
0
0.0211765
0
0
0
0
0
0
0
0
0
0
0
0
0
0
0
0
0
0
0
0
0
0
0
0
0
0
0
0
0
0
0
0.0309804
0
0
0.0243137
0.0152941
0
0.032549
0
0.0188235
0
0
0
0
0
0
0
0
0
0
0
0.0180392
0
0
0
0.00745098
0
0
0.00980392
0.00509804
0
0.00627451
0
0.0141176
0
0
0
0
0
0
0
0
0
0
0
0.00823529
0
0
0
0
0
0
0
0
0
0
0
0
0
0
0
0
0
0
0
0
0
0
0
0
0
0
0
0
0.00509804
0.0227451
0.00509804
0
0.0411765
0.0054902
0.0396078
0
0.014902
0
0
0
0
0
0
0
0
0
0.0160784
0
0
0
0
0
0.0258824
0
0.0223529
0
0.014902
0
0
0
0.0454902
0
0
0
0
0
0
0
0
0
0
0
0.00627451
0
0
0.0219608
0
0
0
0
0
0
0
0
0
0
0
0
0
0
0
0
0
0
0
0
0
0
0
0
0
0
0
0
0
0.0403922
0
0.0290196
0.0105882
0
0
0
0
0
0
0
0
0
0
0
0
0
0
0
0
0
0
0
0
0
0.0372549
0
0.0439216
0.0254902
0
0
0
0
0
0.0560784
0.0286275
0
0
0
0
0
0
0
0
0
0
0
0
0
0
0
0
0
0
0
0
0
0
0
0
0.0498039
0
0.0466667
0
0
0
0
0
0
0
0
0
0
0.00666667
0
0.0109804
0.0152941
0.00941176
0.0054902
0.00901961
0.0141176
0.0196078
0
0.00862745
0
0.0262745
0
0
0
0
0.00980392
0
0
0
0
0
0
0
0.0207843
0
0.00784314
0.0435294
0
0
0.0341176
0
0
0.0403922
0
0
0
0
0
0
0
0
0
0
0
0
0
0
0
0
0
0
0
0
0
0
0
0
0
0
0
0
0
0.0729412
0
0
0
0
0
0
0
0
0
0
0.00627451
0
0.0470588
0
0
0
0
0.00666667
0
0.00745098
0
0
0
0
0
0
0
0.0121569
0
0
0
0.0156863
0
0.0156863
0.0176471
0.0219608
0.0266667
0
0
0
0.00509804
0.0223529
0
0
0
0
0
0
0
0
0
0
0
0
0
0
0
0.0196078
0
0
0
0
0
0
0
0
0
0
0
0
0
0
0
0.0611765
0
0
0
0
0
0
0
0
0
0
0
0.0607843
0
0.0243137
0.0360784
0
0.00745098
0
0
0
0
0
0
0
0.00627451
0
0.00823529
0
0
0.00862745
0.0313725
0
0.0141176
0.0141176
0.0152941
0.0172549
0.0231373
0
0.0262745
0
0
0
0.0133333
0.012549
0
0.0423529
0.045098
0.0423529
0
0
0
0
0
0
0
0
0
0
0
0
0
0
0
0
0
0
0
0
0
0
0
0
0
0
0
0
0
0
0
0
0
0
0
0
0
0
0.0596078
0
0.0298039
0
0.0219608
0.0152941
0
0.012549
0
0.034902
0
0
0
0
0
0
0
0
0
0
0
0
0
0
0.0196078
0
0
0
0
0
0
0.0466667
0
0
0
0.0321569
0.0109804
0
0
0
0
0
0
0
0
0.00431373
0
0
0
0
0
0
0
0
0
0
0
0
0
0
0
0
0
0
0
0
0
0
0
0
0
0
0
0
0
0.00588235
0
0
0.032549
0.0313725
0.0109804
0
0
0
0
0
0
0
0
0
0.0168627
0
0
0
0
0
0
0
0
0
0.0337255
0
0
0
0.0427451
0.0388235
0
0
0
0.0470588
0
0
0
0
0
0
0
0
0
0
0
0
0
0
0
0
0
0
0
0
0
0
0
0
0
0
0
0
0.06
0
0
0
0
0
0
0
0
0
0
0
0
0
0
0
0.014902
0
0
0
0
0
0
0
0
0
0
0
0
0
0
0
0.0156863
0
0
0
0
0.0117647
0
0
0.00470588
0
0
0
0
0
0.0321569
0.0509804
0
0
0
0
0
0
0
0
0
0
0
0
0
0
0
0
0
0
0
0
0
0
0
0
0
0
0.0188235
0
0
0
0
0
0
0
0
0
0
0
0
0
0.0478431
0
0.0117647
0
0.0262745
0.0172549
0
0.00431373
0
0
0
0.014902
0
0
0
0
0.0121569
0
0
0.00588235
0
0.00901961
0
0
0
0
0
0.0376471
0
0
0.00745098
0
0
0
0
0
0
0
0
0
0
0
0
0
0
0
0
0
0
0
0
0
0
0
0
0
0
0
0
0
0
0
0
0
0
0
0
0
0
0
0
0
0
0
0.0054902
0
0.0419608
0.0160784
0
0
0
0
0.0109804
0
0.0121569
0
0
0
0
0
0
0
0
0.00784314
0
0.0141176
0.00705882
0
0
0
0
0.0152941
0
0.0176471
0
0
0
0
0
0
0
0
0
0
0
0
0.00901961
0
0
0.0415686
0
0
0
0
0
0
0
0
0
0
0
0
0
0
0
0
0
0
0
0
0
0
0
0
0
0
0
0
0
0.00509804
0
0
0.00627451
0.0203922
0.025098
0
0
0
0.00901961
0
0
0
0
0.00941176
0.0145098
0.00823529
0.0203922
0
0
0
0
0
0
0
0.0160784
0
0
0
0
0
0
0
0.0196078
0
0
0
0
0
0
0
0
0
0
0
0
0
0
0
0
0
0
0
0
0
0
0
0
0
0
0
0
0
0
0
0
0
0
0
0
0
0
0
0
0
0.00745098
0
0
0
0.012549
0
0.0317647
0.00588235
0
0
0.0192157
0.0239216
0.00862745
0
0
0
0
0
0
0
0
0
0
0
0
0
0
0
0
0.00745098
0
0.0658824
0
0.0478431
0
0
0
0.0223529
0
0
0
0
0
0
0
0
0.0305882
0
0
0
0
0
0
0
0
0.0286275
0
0
0
0
0
0
0
0
0
0
0
0
0
0
0
0
0
0
0
0
0
0
0
0
0
0.0105882
0.014902
0
0
0
0
0
0
0
0
0
0
0
0
0
0
0
0
0
0
0
0
0
0
0
0
0
0
0.0168627
0
0
0
0
0
0
0
0
0
0
0
0
0
0
0
0
0
0
0
0
0
0
0
0
0
0
0
0
0
0
0
0
0
0
0
0
0
0
0
0
0
0
0
0
0
0
0
0
0
0
0
0
0
0
0
0
0
0
0
0.0278431
0
0
0
0
0
0
0
0
0
0
0
0
0
0.00705882
0
0
0.0184314
0
0
0
0
0
0
0
0
0
0
0
0
0
0
0
0
0
0
0
0
0
0
0
0
0
0
0
0
0
0
0
0
0
0
0
0
0
0
0
0
0
0
0
0
0
0
0
0
0
0.00980392
0
0
0.0247059
0
0.0392157
0.0435294
0.0101961
0
0
0.0196078
0.027451
0.0172549
0
0
0
0
0
0
0
0
0
0
0
0
0
0.0262745
0
0
0
0
0
0
0
0
0
0
0
0
0
0
0
0
0
0
0
0
0
0
0
0
0
0
0
0
0
0
0
0
0
0
0
0
0
0
0
0
0
0
0
0
0
0
0
0
0
0
0
0
0
0
0
0
0
0
0
0
0
0
0
0
0
0
0
0
0
0
0
0
0
0
0.032549
0.04
0
0
0
0
0
0.00509804
0
0
0
0
0
0
0
0
0
0
0
0
0
0
0
0
0
0
0
0
0
0
0
0
0
0
0
0
0
0
0
0
0
0
0
0
0
0
0
0.0384314
0
0
0
0
0
0
0
0
0
0
0
0
0
0
0
0
0
0
0
0
0
0
0
0
0
0
0
0
0
0
0
0
0
0
0
0
0
0
0
0.0164706
0.00901961
0
0
0
0
0
0
0
0
0
0
0
0
0
0
0
0
0
0
0
0
0
0
0
0
0
0
0
0
0
0
0
0
0
0
0
0
0
0
0
0
0
0
0
0
0
0
0
0
0
0
0
0
0
0
0
0
0
0
0
0
0
0
0
0
0
0
0
0
0
0
0
0
0
0
0
0
0
0
0.0172549
0
0
0
0
0
0
0
0
0
0
0
0
0
0
0
0
0
0
0
0
0
0
0
0
0
0
0
0
0
0
0
0
0
0
0
0
0
0
0
0
0
0
0
0
0
0
0
0
0
0
0
0
0
0
0
0
0
0
0
0
0
0
0
0
0
0
0
0
0
0
0
0
0
0
0
0
0
0
0
0
0
0
0
0
0
0
0
0
0
0
0
0
0
0
0
0
0
0
0
0
0
0
0
0
0.00941176
0
0
0
0
0
0
0
0
0
0
0
0
0
0
0
0
0
0
0
0
0
0
0
0
0
0
0
0
0
0.0141176
0
0
0
0
0
0
0
0
0
0
0
0
0
0
0
0
0
0
0
0
0
0
0
0
0
0
0
0
0
0
0
0
0
0
0
0
0
0
0
0
0
0
0
0
0
0
0
0
0
0
0
0
0
0
0
0
0
0
0
0
0
0
0
0
0
0
0
0
0
0
0
0
0
0
0.0356863
0
0
0
0
0
0
0
0
0
0
0
0
0
0
0
0
0
0
0
0
0
0
0
0
0
0
0
0
0
0
0
0
0
0
0
0
0
0
0
0
0
0
0
0
0
0
0
0
0
0
0
0
0
0
0
0
0
0
0
0
0
0
0
0
0
0
0
0
0
0
0
0
0
0
0
0
0
0
0
0
0.0121569
0
0
0
0
0
0
0
0
0
0
0
0
0
0
0
0
0
0
0
0
0
0
0
0
0
0
0
0
0
0
0
0
0
0
0
0
0
0
0
0
0
0
0
0
0
0
0
0
0
0
0
0
0
0
0
0
0
0
0
0
0
0
0
0
0
0
0.0403922
0
0
0
0
0
0
0
0
0
0
0
0
0
0
0
0
0
0
0
0
0
0
0
0
0
0
0
0
0
0
0
0
0
0
0
0
0
0
0
0
0
0
0
0
0
0
0
0
0
0
0
0
0
0
0
0
0
0
0
0
0
0
0
0
0
0
0
0
0
0
0
0
0
0
0
0
0
0
0
0
0
0
0
0
0
0
0
0
0
0
0
0
0
0
0
0
0
0
0
0
0
0
0
0
0
0
0
0
0
0
0
0
0
0
0
0
0
0
0
0
0
0
0
0
0
0
0
0
0
0
0
0
0
0
0
0
0
0
0
0
0
0
0
0
0
0
0
0
0
0
0
0
0
0.0501961
0.00862745
0
0
0
0
0
0
0.00980392
0.012549
0.0662745
0
0.032549
0
0.0152941
0.0243137
0
0
0.0360784
0
0.0345098
0
0
0
0
0
0
0
0
0
0
0
0
0
0
0
0
0
0
0
0
0
0
0
0
0
0
0
0
0
0
0
0
0
0
0
0
0
0
0
0
0
0
0
0
0
0
0
0
0
0
0
0
0
0
0
0
0.0521569
0
0
0
0.0392157
0
0
0
0
0
0.0341176
0
0.0141176
0
0
0
0
0.0392157
0
0
0
0
0
0
0
0
0
0
0
0
0
0
0
0
0
0
0
0
0
0
0
0
0
0
0
0
0
0
0
0
0
0
0
0
0
0
0
0
0
0
0
0
0
0
0
0
0
0
0
0
0
0
0
0
0
0
0
0
0.0219608
0
0
0
0.0227451
0
0
0
0.032549
0.00509804
0
0
0
0
0
0.0490196
0
0
0
0
0
0
0
0
0
0
0
0
0
0
0
0
0
0
0
0
0
0
0
0
0
0
0
0
0
0
0
0
0
0
0
0
0
0
0
0
0
0
0
0
0
0
0
0
0
0
0
0
0
0
0
0.0243137
0
0
0.0258824
0
0
0
0
0
0
0
0
0.00627451
0
0
0
0
0
0
0
0
0
0
0
0
0
0
0
0
0
0
0
0
0
0
0
0
0
0
0
0
0
0
0
0
0
0
0
0
0
0
0
0
0
0
0
0
0
0
0
0
0
0
0
0
0
0
0
0
0
0
0
0
0
0
0
0
0
0
0
0
0
0
0
0
0
0
0
0
0
0
0
0
0
0
